# Model of Gravel et al, including ancient events
14600
0	67627
1	67371
2	67116
3	66862
4	66609
5	66357
6	66106
7	65856
8	65606
9	65358
10	65110
11	64864
12	64618
13	64374
14	64130
15	63887
16	63645
17	63404
18	63164
19	62925
20	62687
21	62450
22	62213
23	61978
24	61743
25	61510
26	61277
27	61045
28	60814
29	60583
30	60354
31	60126
32	59898
33	59671
34	59445
35	59220
36	58996
37	58773
38	58550
39	58329
40	58108
41	57888
42	57669
43	57450
44	57233
45	57016
46	56800
47	56585
48	56371
49	56158
50	55945
51	55733
52	55522
53	55312
54	55103
55	54894
56	54686
57	54479
58	54273
59	54068
60	53863
61	53659
62	53456
63	53254
64	53052
65	52851
66	52651
67	52452
68	52253
69	52055
70	51858
71	51662
72	51466
73	51272
74	51077
75	50884
76	50691
77	50500
78	50308
79	50118
80	49928
81	49739
82	49551
83	49363
84	49176
85	48990
86	48805
87	48620
88	48436
89	48253
90	48070
91	47888
92	47707
93	47526
94	47346
95	47167
96	46988
97	46811
98	46633
99	46457
100	46281
101	46106
102	45931
103	45757
104	45584
105	45412
106	45240
107	45068
108	44898
109	44728
110	44558
111	44390
112	44222
113	44054
114	43888
115	43721
116	43556
117	43391
118	43227
119	43063
120	42900
121	42738
122	42576
123	42415
124	42254
125	42094
126	41935
127	41776
128	41618
129	41460
130	41303
131	41147
132	40991
133	40836
134	40681
135	40527
136	40374
137	40221
138	40069
139	39917
140	39766
141	39616
142	39466
143	39316
144	39167
145	39019
146	38871
147	38724
148	38578
149	38432
150	38286
151	38141
152	37997
153	37853
154	37710
155	37567
156	37425
157	37283
158	37142
159	37001
160	36861
161	36722
162	36583
163	36444
164	36306
165	36169
166	36032
167	35895
168	35760
169	35624
170	35489
171	35355
172	35221
173	35088
174	34955
175	34823
176	34691
177	34559
178	34429
179	34298
180	34168
181	34039
182	33910
183	33782
184	33654
185	33527
186	33400
187	33273
188	33147
189	33022
190	32897
191	32772
192	32648
193	32525
194	32401
195	32279
196	32157
197	32035
198	31914
199	31793
200	31672
201	31552
202	31433
203	31314
204	31195
205	31077
206	30960
207	30843
208	30726
209	30609
210	30494
211	30378
212	30263
213	30149
214	30034
215	29921
216	29807
217	29695
218	29582
219	29470
220	29359
221	29248
222	29137
223	29026
224	28917
225	28807
226	28698
227	28589
228	28481
229	28373
230	28266
231	28159
232	28052
233	27946
234	27840
235	27735
236	27630
237	27525
238	27421
239	27317
240	27214
241	27111
242	27008
243	26906
244	26804
245	26703
246	26602
247	26501
248	26401
249	26301
250	26201
251	26102
252	26003
253	25905
254	25807
255	25709
256	25612
257	25515
258	25418
259	25322
260	25226
261	25130
262	25035
263	24941
264	24846
265	24752
266	24658
267	24565
268	24472
269	24379
270	24287
271	24195
272	24104
273	24012
274	23921
275	23831
276	23741
277	23651
278	23561
279	23472
280	23383
281	23295
282	23206
283	23119
284	23031
285	22944
286	22857
287	22770
288	22684
289	22598
290	22513
291	22428
292	22343
293	22258
294	22174
295	22090
296	22006
297	21923
298	21840
299	21757
300	21675
301	21593
302	21511
303	21430
304	21349
305	21268
306	21187
307	21107
308	21027
309	20948
310	20868
311	20789
312	20711
313	20632
314	20554
315	20476
316	20399
317	20321
318	20245
319	20168
320	20092
321	20016
322	19940
323	19864
324	19789
325	19714
326	19639
327	19565
328	19491
329	19417
330	19344
331	19271
332	19198
333	19125
334	19053
335	18980
336	18909
337	18837
338	18766
339	18695
340	18624
341	18553
342	18483
343	18413
344	18343
345	18274
346	18205
347	18136
348	18067
349	17999
350	17931
351	17863
352	17795
353	17728
354	17661
355	17594
356	17527
357	17461
358	17395
359	17329
360	17263
361	17198
362	17133
363	17068
364	17003
365	16939
366	16875
367	16811
368	16747
369	16684
370	16621
371	16558
372	16495
373	16433
374	16371
375	16309
376	16247
377	16185
378	16124
379	16063
380	16002
381	15942
382	15881
383	15821
384	15761
385	15702
386	15642
387	15583
388	15524
389	15465
390	15407
391	15348
392	15290
393	15232
394	15175
395	15117
396	15060
397	15003
398	14946
399	14890
400	14833
401	14777
402	14721
403	14665
404	14610
405	14555
406	14499
407	14445
408	14390
409	14335
410	14281
411	14227
412	14173
413	14120
414	14066
415	14013
416	13960
417	13907
418	13854
419	13802
420	13750
421	13698
422	13646
423	13594
424	13543
425	13491
426	13440
427	13389
428	13339
429	13288
430	13238
431	13188
432	13138
433	13088
434	13039
435	12989
436	12940
437	12891
438	12842
439	12794
440	12745
441	12697
442	12649
443	12601
444	12553
445	12506
446	12458
447	12411
448	12364
449	12317
450	12271
451	12224
452	12178
453	12132
454	12086
455	12040
456	11995
457	11949
458	11904
459	11859
460	11814
461	11769
462	11725
463	11680
464	11636
465	11592
466	11548
467	11505
468	11461
469	11418
470	11374
471	11331
472	11288
473	11246
474	11203
475	11161
476	11118
477	11076
478	11034
479	10993
480	10951
481	10910
482	10868
483	10827
484	10786
485	10745
486	10705
487	10664
488	10624
489	10583
490	10543
491	10504
492	10464
493	10424
494	10385
495	10345
496	10306
497	10267
498	10228
499	10190
500	10151
501	10113
502	10074
503	10036
504	9998
505	9960
506	9923
507	9885
508	9848
509	9810
510	9773
511	9736
512	9699
513	9663
514	9626
515	9590
516	9553
517	9517
518	9481
519	9445
520	9409
521	9374
522	9338
523	9303
524	9268
525	9233
526	9198
527	9163
528	9128
529	9094
530	9059
531	9025
532	8991
533	8957
534	8923
535	8889
536	8855
537	8822
538	8788
539	8755
540	8722
541	8689
542	8656
543	8623
544	8591
545	8558
546	8526
547	8493
548	8461
549	8429
550	8397
551	8366
552	8334
553	8302
554	8271
555	8240
556	8208
557	8177
558	8146
559	8116
560	8085
561	8054
562	8024
563	7993
564	7963
565	7933
566	7903
567	7873
568	7843
569	7814
570	7784
571	7754
572	7725
573	7696
574	7667
575	7638
576	7609
577	7580
578	7551
579	7523
580	7494
581	7466
582	7438
583	7409
584	7381
585	7353
586	7326
587	7298
588	7270
589	7243
590	7215
591	7188
592	7161
593	7134
594	7107
595	7080
596	7053
597	7026
598	7000
599	6973
600	6947
601	6920
602	6894
603	6868
604	6842
605	6816
606	6790
607	6765
608	6739
609	6714
610	6688
611	6663
612	6638
613	6612
614	6587
615	6563
616	6538
617	6513
618	6488
619	6464
620	6439
621	6415
622	6391
623	6366
624	6342
625	6318
626	6294
627	6270
628	6247
629	6223
630	6200
631	6176
632	6153
633	6129
634	6106
635	6083
636	6060
637	6037
638	6014
639	5991
640	5969
641	5946
642	5924
643	5901
644	5879
645	5857
646	5834
647	5812
648	5790
649	5768
650	5747
651	5725
652	5703
653	5682
654	5660
655	5639
656	5617
657	5596
658	5575
659	5554
660	5533
661	5512
662	5491
663	5470
664	5449
665	5429
666	5408
667	5388
668	5367
669	5347
670	5327
671	5307
672	5287
673	5267
674	5247
675	5227
676	5207
677	5187
678	5168
679	5148
680	5129
681	5109
682	5090
683	5071
684	5051
685	5032
686	5013
687	4994
688	4975
689	4956
690	4938
691	4919
692	4900
693	4882
694	4863
695	4845
696	4827
697	4808
698	4790
699	4772
700	4754
701	4736
702	4718
703	4700
704	4682
705	4665
706	4647
707	4629
708	4612
709	4594
710	4577
711	4560
712	4542
713	4525
714	4508
715	4491
716	4474
717	4457
718	4440
719	4423
720	4407
721	4390
722	4373
723	4357
724	4340
725	4324
726	4307
727	4291
728	4275
729	4259
730	4243
731	4226
732	4210
733	4195
734	4179
735	4163
736	4147
737	4131
738	4116
739	4100
740	4085
741	4069
742	4054
743	4038
744	4023
745	4008
746	3993
747	3978
748	3963
749	3948
750	3933
751	3918
752	3903
753	3888
754	3873
755	3859
756	3844
757	3830
758	3815
759	3801
760	3786
761	3772
762	3758
763	3743
764	3729
765	3715
766	3701
767	3687
768	3673
769	3659
770	3645
771	3631
772	3618
773	3604
774	3590
775	3577
776	3563
777	3550
778	3536
779	3523
780	3510
781	3496
782	3483
783	3470
784	3457
785	3444
786	3431
787	3418
788	3405
789	3392
790	3379
791	3366
792	3353
793	3341
794	3328
795	3315
796	3303
797	3290
798	3278
799	3266
800	3253
801	3241
802	3229
803	3216
804	3204
805	3192
806	3180
807	3168
808	3156
809	3144
810	3132
811	3120
812	3108
813	3097
814	3085
815	3073
816	3062
817	3050
818	3038
819	3027
820	3015
821	3004
822	2993
823	2981
824	2970
825	2959
826	2948
827	2936
828	2925
829	2914
830	2903
831	2892
832	2881
833	2870
834	2860
835	2849
836	2838
837	2827
838	2816
839	2806
840	2795
841	2785
842	2774
843	2764
844	2753
845	2743
846	2732
847	2722
848	2712
849	2701
850	2691
851	2681
852	2671
853	2661
854	2651
855	2641
856	2631
857	2621
858	2611
859	2601
860	2591
861	2581
862	2571
863	2562
864	2552
865	2542
866	2533
867	2523
868	2513
869	2504
870	2494
871	2485
872	2476
873	2466
874	2457
875	2448
876	2438
877	2429
878	2420
879	2411
880	2402
881	2393
882	2383
883	2374
884	2365
885	2357
886	2348
887	2339
888	2330
889	2321
890	2312
891	2303
892	2295
893	2286
894	2277
895	2269
896	2260
897	2252
898	2243
899	2235
900	2226
901	2218
902	2209
903	2201
904	2193
905	2184
906	2176
907	2168
908	2160
909	2151
910	2143
911	2135
912	2127
913	2119
914	2111
915	2103
916	2095
917	2087
918	2079
919	2071
920	2064
2040	3722
5920	28948
